0 0 0 30
0 1 2 30
0 2 1 28
0 3 1 29
0 4 0 29
0 5 2 29
0 6 0 28
0 7 2 28
0 8 0 27
0 9 1 27
0 10 1 26
0 11 2 27
0 12 0 26
0 13 2 26
0 14 999 999
0 15 1 25
0 16 0 25
0 17 2 25
0 18 1 23
0 19 1 24
0 20 0 24
0 21 2 24
0 22 0 23
0 23 2 23
0 24 0 22
0 25 1 22
0 26 1 21
0 27 2 22
0 28 0 21
0 29 2 21
0 30 999 999
0 31 1 20
0 32 4 30
0 33 5 29
0 34 3 29
0 35 4 29
0 36 3 28
0 37 5 28
0 38 3 27
0 39 4 28
0 40 3 26
0 41 5 27
0 42 4 26
0 43 4 27
0 44 3 25
0 45 5 26
0 46 999 999
0 47 5 25
0 48 4 25
0 49 5 24
0 50 3 24
0 51 4 24
0 52 3 23
0 53 5 23
0 54 3 22
0 55 4 23
0 56 3 21
0 57 5 22
0 58 4 21
0 59 4 22
0 60 3 20
0 61 5 21
0 62 999 999
0 63 5 20
1 0 0 20
1 1 2 20
1 2 1 18
1 3 1 19
1 4 0 19
1 5 2 19
1 6 0 18
1 7 2 18
1 8 0 17
1 9 1 17
1 10 1 16
1 11 2 17
1 12 0 16
1 13 2 16
1 14 999 999
1 15 1 15
1 16 0 15
1 17 2 15
1 18 1 13
1 19 1 14
1 20 0 14
1 21 2 14
1 22 0 13
1 23 2 13
1 24 0 12
1 25 1 12
1 26 1 11
1 27 2 12
1 28 0 11
1 29 2 11
1 30 999 999
1 31 1 10
1 32 4 20
1 33 5 19
1 34 3 19
1 35 4 19
1 36 3 18
1 37 5 18
1 38 3 17
1 39 4 18
1 40 3 16
1 41 5 17
1 42 4 16
1 43 4 17
1 44 3 15
1 45 5 16
1 46 999 999
1 47 5 15
1 48 4 15
1 49 5 14
1 50 3 14
1 51 4 14
1 52 3 13
1 53 5 13
1 54 3 12
1 55 4 13
1 56 3 11
1 57 5 12
1 58 4 11
1 59 4 12
1 60 3 10
1 61 5 11
1 62 999 999
1 63 5 10
2 0 0 10
2 1 2 10
2 2 1 8
2 3 1 9
2 4 0 9
2 5 2 9
2 6 0 8
2 7 2 8
2 8 0 7
2 9 1 7
2 10 1 6
2 11 2 7
2 12 0 6
2 13 2 6
2 14 2 0
2 15 1 5
2 16 0 5
2 17 2 5
2 18 1 3
2 19 1 4
2 20 0 4
2 21 2 4
2 22 0 3
2 23 2 3
2 24 0 2
2 25 1 2
2 26 1 1
2 27 2 2
2 28 0 1
2 29 2 1
2 30 0 0
2 31 1 0
2 32 4 10
2 33 5 9
2 34 3 9
2 35 4 9
2 36 3 8
2 37 5 8
2 38 3 7
2 39 4 8
2 40 3 6
2 41 5 7
2 42 4 6
2 43 4 7
2 44 3 5
2 45 5 6
2 46 999 999
2 47 5 5
2 48 4 5
2 49 5 4
2 50 3 4
2 51 4 4
2 52 3 3
2 53 5 3
2 54 3 2
2 55 4 3
2 56 3 1
2 57 5 2
2 58 4 1
2 59 4 2
2 60 3 0
2 61 5 1
2 62 4 0
2 63 5 0
3 0 0 30
3 1 2 30
3 2 1 28
3 3 1 29
3 4 0 29
3 5 2 29
3 6 0 28
3 7 2 28
3 8 0 27
3 9 1 27
3 10 1 26
3 11 2 27
3 12 0 26
3 13 2 26
3 14 999 999
3 15 1 25
3 16 0 25
3 17 2 25
3 18 1 23
3 19 1 24
3 20 0 24
3 21 2 24
3 22 0 23
3 23 2 23
3 24 0 22
3 25 1 22
3 26 1 21
3 27 2 22
3 28 0 21
3 29 2 21
3 30 999 999
3 31 1 20
3 32 4 30
3 33 5 29
3 34 3 29
3 35 4 29
3 36 3 28
3 37 5 28
3 38 3 27
3 39 4 28
3 40 3 26
3 41 5 27
3 42 4 26
3 43 4 27
3 44 3 25
3 45 5 26
3 46 999 999
3 47 5 25
3 48 4 25
3 49 5 24
3 50 3 24
3 51 4 24
3 52 3 23
3 53 5 23
3 54 3 22
3 55 4 23
3 56 3 21
3 57 5 22
3 58 4 21
3 59 4 22
3 60 3 20
3 61 5 21
3 62 999 999
3 63 5 20
4 0 0 20
4 1 2 20
4 2 1 18
4 3 1 19
4 4 0 19
4 5 2 19
4 6 0 18
4 7 2 18
4 8 0 17
4 9 1 17
4 10 1 16
4 11 2 17
4 12 0 16
4 13 2 16
4 14 999 999
4 15 1 15
4 16 0 15
4 17 2 15
4 18 1 13
4 19 1 14
4 20 0 14
4 21 2 14
4 22 0 13
4 23 2 13
4 24 0 12
4 25 1 12
4 26 1 11
4 27 2 12
4 28 0 11
4 29 2 11
4 30 999 999
4 31 1 10
4 32 4 20
4 33 5 19
4 34 3 19
4 35 4 19
4 36 3 18
4 37 5 18
4 38 3 17
4 39 4 18
4 40 3 16
4 41 5 17
4 42 4 16
4 43 4 17
4 44 3 15
4 45 5 16
4 46 999 999
4 47 5 15
4 48 4 15
4 49 5 14
4 50 3 14
4 51 4 14
4 52 3 13
4 53 5 13
4 54 3 12
4 55 4 13
4 56 3 11
4 57 5 12
4 58 4 11
4 59 4 12
4 60 3 10
4 61 5 11
4 62 999 999
4 63 5 10
5 0 0 10
5 1 2 10
5 2 1 8
5 3 1 9
5 4 0 9
5 5 2 9
5 6 0 8
5 7 2 8
5 8 0 7
5 9 1 7
5 10 1 6
5 11 2 7
5 12 0 6
5 13 2 6
5 14 2 0
5 15 1 5
5 16 0 5
5 17 2 5
5 18 1 3
5 19 1 4
5 20 0 4
5 21 2 4
5 22 0 3
5 23 2 3
5 24 0 2
5 25 1 2
5 26 1 1
5 27 2 2
5 28 0 1
5 29 2 1
5 30 0 0
5 31 1 0
5 32 4 10
5 33 5 9
5 34 3 9
5 35 4 9
5 36 3 8
5 37 5 8
5 38 3 7
5 39 4 8
5 40 3 6
5 41 5 7
5 42 4 6
5 43 4 7
5 44 3 5
5 45 5 6
5 46 999 999
5 47 5 5
5 48 4 5
5 49 5 4
5 50 3 4
5 51 4 4
5 52 3 3
5 53 5 3
5 54 3 2
5 55 4 3
5 56 3 1
5 57 5 2
5 58 4 1
5 59 4 2
5 60 3 0
5 61 5 1
5 62 4 0
5 63 5 0
